6 6 3
0 4 1 3 1
0 1 1 12 1
0 2 1 1 43
2 3 1 1 23
2 5 1 15 90
5 3 1 18 1


/ graph input 2
// 7 9 3
// 0 1 1 2 1
// 0 4 3 4 6
// 0 2 8 9 4
// 0 3 9 3 3
// 4 2 5 4 3
// 4 6 2 1 8
// 2 5 8 9 2
// 2 3 6 4 6
// 6 5 4 5 9

// initial three points 
// 100 0 0
// 0 100 0
// 0 0 100


7 9 3
0 1 1 2 1
0 4 3 4 6
0 2 8 9 4
0 3 9 343 3
4 2 5 4 3
4 6 234 1 8
2 5 876 9 12
2 3 26 4 6
6 5 234 5 789

initial point 
10000 0 0
0 10000 0
0 0 10000




// initail three points 
// 1000000 0 0
// 0 1000000 0
// 0 0 1000000

// graph input 4
// 10 17 3
// 0 1 2 2 4
// 0 3 2 4 8 
// 0 4 2 4 2
// 1 6 3 2 8
// 1 2 9 3 4
// 1 5 3 4 8
// 2 5 2 6 3
// 2 9 1 3 2
// 3 7 9 7 4
// 3 8 4 3 6
// 4 8 9 1 1
// 5 9 2 1 3
// 7 8 2 3 8
// 8 9 9 1 2
// 1 3 4 4 3
// 3 4 1 4 3
// 5 6 4 4 7



//initial points
100 0 0
0 100 0
0 0 100
//graph input 5
5 7 3
0 2 8 9 2
0 1 2 2 3
0 4 2 2 4
1 4 5 6 7
1 3 6 5 6
2 3 4 4 4
3 4 1 2 3




//initial points
100 0 0
0 100 0
0 0 100
// graph input 6
4 6 3
0 1 2 2 2
1 3 2 3 4
2 3 5 6 7
0 2 1 2 3
1 2 4 5 6
0 3 8 9 0