20 190 3
0 1 9 7 4
0 2 9 7 4
0 3 6 0 6
0 4 9 5 6
0 5 7 4 6
0 6 8 1 8
0 7 8 9 5
0 8 8 3 2
0 9 6 7 3
0 10 8 1 7
0 11 0 5 1
0 12 8 0 2
0 13 6 5 3
0 14 3 6 7
0 15 9 9 9
0 16 1 5 2
0 17 8 0 9
0 18 2 7 5
0 19 2 4 1
1 2 9 9 2
1 3 2 1 6
1 4 4 1 7
1 5 0 6 1
1 6 3 2 5
1 7 7 9 8
1 8 2 1 8
1 9 9 9 9
1 10 3 9 4
1 11 7 2 3
1 12 7 2 8
1 13 7 1 7
1 14 9 3 4
1 15 3 1 8
1 16 1 7 8
1 17 5 8 3
1 18 2 3 8
1 19 9 8 3
2 3 2 2 6
2 4 9 4 6
2 5 2 6 0
2 6 3 7 6
2 7 8 3 2
2 8 4 5 5
2 9 1 6 4
2 10 2 1 9
2 11 2 6 1
2 12 7 3 3
2 13 8 9 5
2 14 4 3 0
2 15 5 6 2
2 16 2 9 1
2 17 2 7 5
2 18 1 8 8
2 19 7 1 4
3 4 4 0 2
3 5 0 2 5
3 6 1 4 4
3 7 4 4 8
3 8 2 0 7
3 9 3 2 5
3 10 5 3 0
3 11 6 3 2
3 12 5 6 8
3 13 2 2 8
3 14 3 9 0
3 15 9 2 4
3 16 2 7 3
3 17 4 0 1
3 18 2 0 9
3 19 8 6 6
4 5 0 7 8
4 6 0 6 7
4 7 3 4 6
4 8 1 2 3
4 9 2 4 9
4 10 4 7 8
4 11 0 1 7
4 12 8 6 5
4 13 0 9 7
4 14 7 8 2
4 15 7 2 6
4 16 1 5 2
4 17 3 0 3
4 18 1 8 4
4 19 3 4 4
5 6 0 5 1
5 7 2 9 0
5 8 8 2 6
5 9 2 2 5
5 10 4 0 7
5 11 6 8 2
5 12 8 7 3
5 13 7 7 4
5 14 6 7 4
5 15 8 8 1
5 16 2 7 6
5 17 3 9 0
5 18 6 6 0
5 19 1 2 0
6 7 5 2 7
6 8 1 1 1
6 9 3 0 9
6 10 0 7 2
6 11 6 9 3
6 12 3 1 7
6 13 1 2 1
6 14 2 5 3
6 15 8 5 1
6 16 7 1 2
6 17 4 6 5
6 18 1 2 3
6 19 4 8 5
7 8 3 3 1
7 9 5 6 5
7 10 7 7 1
7 11 9 5 0
7 12 1 0 3
7 13 6 3 3
7 14 9 0 8
7 15 3 0 0
7 16 2 3 4
7 17 6 8 7
7 18 4 4 8
7 19 2 7 9
8 9 6 8 8
8 10 6 9 9
8 11 5 6 5
8 12 3 9 5
8 13 3 3 1
8 14 1 1 3
8 15 6 8 7
8 16 8 7 7
8 17 8 3 3
8 18 0 3 5
8 19 2 5 4
9 10 6 1 2
9 11 3 2 8
9 12 7 3 2
9 13 9 6 0
9 14 5 8 2
9 15 2 9 8
9 16 2 5 7
9 17 4 3 4
9 18 0 4 5
9 19 2 0 7
10 11 3 4 0
10 12 5 7 5
10 13 6 3 7
10 14 3 4 7
10 15 5 3 2
10 16 5 6 3
10 17 4 7 2
10 18 6 0 9
10 19 6 0 1
11 12 4 7 4
11 13 4 7 8
11 14 1 4 8
11 15 1 3 5
11 16 6 0 1
11 17 0 6 4
11 18 2 7 6
11 19 9 9 9
12 13 4 6 5
12 14 0 4 8
12 15 7 8 5
12 16 8 3 1
12 17 5 4 9
12 18 2 9 6
12 19 0 3 5
13 14 2 4 7
13 15 9 4 7
13 16 8 7 2
13 17 3 9 5
13 18 7 9 6
13 19 7 1 1
14 15 6 3 8
14 16 1 9 9
14 17 9 0 5
14 18 8 0 1
14 19 0 7 0
15 16 4 2 2
15 17 7 7 4
15 18 2 4 1
15 19 5 0 0
16 17 7 9 4
16 18 3 4 5
16 19 8 8 2
17 18 2 3 7
17 19 3 3 2
18 19 0 0 1
